13801508072
13814990039
13884194909
13890173043
13806413756
13823391039
13800945848
13890075179
13885234892
13889786128
13881464583
13835625088
13871875957
13846295460
13830156682
13805758678
13861242502
13871657443
13869257602
13827832931
13880291220
13887842131
13890948172
13854376873
13809335398
13849380199
13840174866
13857459468
13835935947
13840237717
13890292940
13896287584
13847787075
13808241341
13883662919
13809285552
13899839857
13857844341
13804590339
13881469065
13844586025
13839057580
13889697350
13857382087
13812663398
13848368466
13895622872
13867711930
13852017178
13832126596
13844770786
13818861267
13861597727
13890016361
13814876025
13808594807
13801251265
13849125983
13882286151
13871759589
13887712606
13894092293
13808283899
13872285782
13854367001
13868385867
13818197607
13878083757
13841978391
13860998250
13826685595
13856779013
13859815046
13849657092
13836753522
13895354556
13835003716
13844449044
13838707992
13812178668
13834902268
13858328973
13840473288
13850155467
13806961350
13843502426
13884579867
13881044144
13864650093
13825136561
13845889960
13899199746
13812824821
13830896581
13806729197
13824240489
13802817313
13817823458
13825956786
13852801631